1.28696
1.59111
2.08317
2.43698
3.1334
3.82319
4.56191
5.4287
6.20878
7.40043
8.05834
8.94141
9.98306
10.561
11.6734
13.381
14.5937
15.9423
16.2747
18.3997
19.2759
20.2936
21.3438
22.9457
25.4897
28.107
29.4309
31.3885
32.2074
34.9552
15.4234
15.6364
16.2759
15.8482
17.7819
18.6401
19.3594
19.7032
19.8729
22.7491
22.8582
23.7711
23.2131
22.2674
25.0055
25.5269
26.0322
26.9139
27.7625
31.8606
31.3258
33.5103
35.1288
33.6321
36.7818
37.231
38.1114
38.7089
39.2373
43.5511
24.4102
24.8044
25.1817
25.5521
27.0708
27.509
27.9721
28.2319
28.695
30.5233
30.6605
31.2793
31.5008
32.1971
33.8611
34.3513
37.4851
38.3444
38.5233
40.6953
41.2506
42.0404
42.403
42.4631
46.1028
46.5035
46.6552
47.0072
46.8022
51.8274
50.9482
51.0762
50.9593
51.8747
55.0877
56.8657
56.9265
57.4726
58.5571
61.2153
